[gd_scene load_steps=13 format=2]

[ext_resource path="res://scenes/props/interactives/base/BaseInteractiveObjectl.tscn" type="PackedScene" id=1]
[ext_resource path="res://scenes/props/interactives/Plant.tscn" type="PackedScene" id=2]
[ext_resource path="res://scenes/characters/Dino.tscn" type="PackedScene" id=3]
[ext_resource path="res://scenes/props/objectives/base/BaseObjective.tscn" type="PackedScene" id=4]
[ext_resource path="res://scenes/props/objectives/Dispenser.tscn" type="PackedScene" id=5]
[ext_resource path="res://scenes/props/interactives/Bidon.tscn" type="PackedScene" id=6]

[sub_resource type="PlaneMesh" id=1]

[sub_resource type="SpatialMaterial" id=2]
albedo_color = Color( 0, 0, 0, 1 )

[sub_resource type="BoxShape" id=7]

[sub_resource type="PhysicsMaterial" id=4]
bounce = 1.0

[sub_resource type="CylinderMesh" id=5]

[sub_resource type="SpatialMaterial" id=6]
albedo_color = Color( 0.00784314, 0, 1, 1 )

[node name="Spatial" type="Spatial"]

[node name="StaticBody" type="StaticBody" parent="."]
collision_layer = 5
collision_mask = 5

[node name="MeshInstance" type="MeshInstance" parent="StaticBody"]
transform = Transform( 200, 0, 0, 0, 200, 0, 0, 0, 200, 0.582942, 0.179557, 0.249505 )
mesh = SubResource( 1 )
material/0 = SubResource( 2 )

[node name="CollisionShape" type="CollisionShape" parent="StaticBody"]
transform = Transform( 200, 0, 0, 0, 200, 0, 0, 0, 200, 0.058568, -198.638, -0.342547 )
shape = SubResource( 7 )

[node name="Objective1" parent="." instance=ExtResource( 4 )]
transform = Transform( -0.0471065, 0, 0.99889, 0, 1, 0, -0.99889, 0, -0.0471065, -0.0172615, 1.27267, 8.04979 )
repaired_by = "TestObject"

[node name="Objective2Azul" parent="." instance=ExtResource( 4 )]
transform = Transform( -0.998095, 0, 0.0616928, 0, 1, 0, -0.0616928, 0, -0.998095, 18.7388, 1.69489, 0 )
repaired_by = "Azul"

[node name="AzulInteractive" parent="." instance=ExtResource( 1 )]
transform = Transform( 1, 0, 0, 0, 1, 0, 0, 0, 1, 2.38667, 1.74352, 0.0894585 )
physics_material_override = SubResource( 4 )
mesh = SubResource( 5 )
material = SubResource( 6 )
object_name = "Azul"

[node name="dino" parent="." instance=ExtResource( 3 )]
transform = Transform( 100, 0, 0, 0, 100, 0, 0, 0, 100, 0, 0, -26.928 )

[node name="Plant" parent="." instance=ExtResource( 2 )]
mass = 10.0

[node name="Dispenser" parent="." instance=ExtResource( 5 )]
transform = Transform( -0.989952, 0, 0.141402, 0, 1, 0, -0.141402, 0, -0.989952, -13.0506, 1.27277, -9.93447 )
repaired_by = "Bidon"

[node name="Bidon" parent="." instance=ExtResource( 6 )]
transform = Transform( 1, 0, 0, 0, 1, 0, 0, 0, 1, 48.2079, 0.0615797, -22.9994 )
